768 1536 768
384 384 768 768 768 

2 1 0 0 768 AND
2 1 1 1 769 AND
2 1 2 2 770 AND
2 1 3 3 771 AND
2 1 4 4 772 AND
2 1 5 5 773 AND
2 1 6 6 774 AND
2 1 7 7 775 AND
2 1 8 8 776 AND
2 1 9 9 777 AND
2 1 10 10 778 AND
2 1 11 11 779 AND
2 1 12 12 780 AND
2 1 13 13 781 AND
2 1 14 14 782 AND
2 1 15 15 783 AND
2 1 16 16 784 AND
2 1 17 17 785 AND
2 1 18 18 786 AND
2 1 19 19 787 AND
2 1 20 20 788 AND
2 1 21 21 789 AND
2 1 22 22 790 AND
2 1 23 23 791 AND
2 1 24 24 792 AND
2 1 25 25 793 AND
2 1 26 26 794 AND
2 1 27 27 795 AND
2 1 28 28 796 AND
2 1 29 29 797 AND
2 1 30 30 798 AND
2 1 31 31 799 AND
2 1 32 32 800 AND
2 1 33 33 801 AND
2 1 34 34 802 AND
2 1 35 35 803 AND
2 1 36 36 804 AND
2 1 37 37 805 AND
2 1 38 38 806 AND
2 1 39 39 807 AND
2 1 40 40 808 AND
2 1 41 41 809 AND
2 1 42 42 810 AND
2 1 43 43 811 AND
2 1 44 44 812 AND
2 1 45 45 813 AND
2 1 46 46 814 AND
2 1 47 47 815 AND
2 1 48 48 816 AND
2 1 49 49 817 AND
2 1 50 50 818 AND
2 1 51 51 819 AND
2 1 52 52 820 AND
2 1 53 53 821 AND
2 1 54 54 822 AND
2 1 55 55 823 AND
2 1 56 56 824 AND
2 1 57 57 825 AND
2 1 58 58 826 AND
2 1 59 59 827 AND
2 1 60 60 828 AND
2 1 61 61 829 AND
2 1 62 62 830 AND
2 1 63 63 831 AND
2 1 64 64 832 AND
2 1 65 65 833 AND
2 1 66 66 834 AND
2 1 67 67 835 AND
2 1 68 68 836 AND
2 1 69 69 837 AND
2 1 70 70 838 AND
2 1 71 71 839 AND
2 1 72 72 840 AND
2 1 73 73 841 AND
2 1 74 74 842 AND
2 1 75 75 843 AND
2 1 76 76 844 AND
2 1 77 77 845 AND
2 1 78 78 846 AND
2 1 79 79 847 AND
2 1 80 80 848 AND
2 1 81 81 849 AND
2 1 82 82 850 AND
2 1 83 83 851 AND
2 1 84 84 852 AND
2 1 85 85 853 AND
2 1 86 86 854 AND
2 1 87 87 855 AND
2 1 88 88 856 AND
2 1 89 89 857 AND
2 1 90 90 858 AND
2 1 91 91 859 AND
2 1 92 92 860 AND
2 1 93 93 861 AND
2 1 94 94 862 AND
2 1 95 95 863 AND
2 1 96 96 864 AND
2 1 97 97 865 AND
2 1 98 98 866 AND
2 1 99 99 867 AND
2 1 100 100 868 AND
2 1 101 101 869 AND
2 1 102 102 870 AND
2 1 103 103 871 AND
2 1 104 104 872 AND
2 1 105 105 873 AND
2 1 106 106 874 AND
2 1 107 107 875 AND
2 1 108 108 876 AND
2 1 109 109 877 AND
2 1 110 110 878 AND
2 1 111 111 879 AND
2 1 112 112 880 AND
2 1 113 113 881 AND
2 1 114 114 882 AND
2 1 115 115 883 AND
2 1 116 116 884 AND
2 1 117 117 885 AND
2 1 118 118 886 AND
2 1 119 119 887 AND
2 1 120 120 888 AND
2 1 121 121 889 AND
2 1 122 122 890 AND
2 1 123 123 891 AND
2 1 124 124 892 AND
2 1 125 125 893 AND
2 1 126 126 894 AND
2 1 127 127 895 AND
2 1 128 128 896 AND
2 1 129 129 897 AND
2 1 130 130 898 AND
2 1 131 131 899 AND
2 1 132 132 900 AND
2 1 133 133 901 AND
2 1 134 134 902 AND
2 1 135 135 903 AND
2 1 136 136 904 AND
2 1 137 137 905 AND
2 1 138 138 906 AND
2 1 139 139 907 AND
2 1 140 140 908 AND
2 1 141 141 909 AND
2 1 142 142 910 AND
2 1 143 143 911 AND
2 1 144 144 912 AND
2 1 145 145 913 AND
2 1 146 146 914 AND
2 1 147 147 915 AND
2 1 148 148 916 AND
2 1 149 149 917 AND
2 1 150 150 918 AND
2 1 151 151 919 AND
2 1 152 152 920 AND
2 1 153 153 921 AND
2 1 154 154 922 AND
2 1 155 155 923 AND
2 1 156 156 924 AND
2 1 157 157 925 AND
2 1 158 158 926 AND
2 1 159 159 927 AND
2 1 160 160 928 AND
2 1 161 161 929 AND
2 1 162 162 930 AND
2 1 163 163 931 AND
2 1 164 164 932 AND
2 1 165 165 933 AND
2 1 166 166 934 AND
2 1 167 167 935 AND
2 1 168 168 936 AND
2 1 169 169 937 AND
2 1 170 170 938 AND
2 1 171 171 939 AND
2 1 172 172 940 AND
2 1 173 173 941 AND
2 1 174 174 942 AND
2 1 175 175 943 AND
2 1 176 176 944 AND
2 1 177 177 945 AND
2 1 178 178 946 AND
2 1 179 179 947 AND
2 1 180 180 948 AND
2 1 181 181 949 AND
2 1 182 182 950 AND
2 1 183 183 951 AND
2 1 184 184 952 AND
2 1 185 185 953 AND
2 1 186 186 954 AND
2 1 187 187 955 AND
2 1 188 188 956 AND
2 1 189 189 957 AND
2 1 190 190 958 AND
2 1 191 191 959 AND
2 1 192 192 960 AND
2 1 193 193 961 AND
2 1 194 194 962 AND
2 1 195 195 963 AND
2 1 196 196 964 AND
2 1 197 197 965 AND
2 1 198 198 966 AND
2 1 199 199 967 AND
2 1 200 200 968 AND
2 1 201 201 969 AND
2 1 202 202 970 AND
2 1 203 203 971 AND
2 1 204 204 972 AND
2 1 205 205 973 AND
2 1 206 206 974 AND
2 1 207 207 975 AND
2 1 208 208 976 AND
2 1 209 209 977 AND
2 1 210 210 978 AND
2 1 211 211 979 AND
2 1 212 212 980 AND
2 1 213 213 981 AND
2 1 214 214 982 AND
2 1 215 215 983 AND
2 1 216 216 984 AND
2 1 217 217 985 AND
2 1 218 218 986 AND
2 1 219 219 987 AND
2 1 220 220 988 AND
2 1 221 221 989 AND
2 1 222 222 990 AND
2 1 223 223 991 AND
2 1 224 224 992 AND
2 1 225 225 993 AND
2 1 226 226 994 AND
2 1 227 227 995 AND
2 1 228 228 996 AND
2 1 229 229 997 AND
2 1 230 230 998 AND
2 1 231 231 999 AND
2 1 232 232 1000 AND
2 1 233 233 1001 AND
2 1 234 234 1002 AND
2 1 235 235 1003 AND
2 1 236 236 1004 AND
2 1 237 237 1005 AND
2 1 238 238 1006 AND
2 1 239 239 1007 AND
2 1 240 240 1008 AND
2 1 241 241 1009 AND
2 1 242 242 1010 AND
2 1 243 243 1011 AND
2 1 244 244 1012 AND
2 1 245 245 1013 AND
2 1 246 246 1014 AND
2 1 247 247 1015 AND
2 1 248 248 1016 AND
2 1 249 249 1017 AND
2 1 250 250 1018 AND
2 1 251 251 1019 AND
2 1 252 252 1020 AND
2 1 253 253 1021 AND
2 1 254 254 1022 AND
2 1 255 255 1023 AND
2 1 256 256 1024 AND
2 1 257 257 1025 AND
2 1 258 258 1026 AND
2 1 259 259 1027 AND
2 1 260 260 1028 AND
2 1 261 261 1029 AND
2 1 262 262 1030 AND
2 1 263 263 1031 AND
2 1 264 264 1032 AND
2 1 265 265 1033 AND
2 1 266 266 1034 AND
2 1 267 267 1035 AND
2 1 268 268 1036 AND
2 1 269 269 1037 AND
2 1 270 270 1038 AND
2 1 271 271 1039 AND
2 1 272 272 1040 AND
2 1 273 273 1041 AND
2 1 274 274 1042 AND
2 1 275 275 1043 AND
2 1 276 276 1044 AND
2 1 277 277 1045 AND
2 1 278 278 1046 AND
2 1 279 279 1047 AND
2 1 280 280 1048 AND
2 1 281 281 1049 AND
2 1 282 282 1050 AND
2 1 283 283 1051 AND
2 1 284 284 1052 AND
2 1 285 285 1053 AND
2 1 286 286 1054 AND
2 1 287 287 1055 AND
2 1 288 288 1056 AND
2 1 289 289 1057 AND
2 1 290 290 1058 AND
2 1 291 291 1059 AND
2 1 292 292 1060 AND
2 1 293 293 1061 AND
2 1 294 294 1062 AND
2 1 295 295 1063 AND
2 1 296 296 1064 AND
2 1 297 297 1065 AND
2 1 298 298 1066 AND
2 1 299 299 1067 AND
2 1 300 300 1068 AND
2 1 301 301 1069 AND
2 1 302 302 1070 AND
2 1 303 303 1071 AND
2 1 304 304 1072 AND
2 1 305 305 1073 AND
2 1 306 306 1074 AND
2 1 307 307 1075 AND
2 1 308 308 1076 AND
2 1 309 309 1077 AND
2 1 310 310 1078 AND
2 1 311 311 1079 AND
2 1 312 312 1080 AND
2 1 313 313 1081 AND
2 1 314 314 1082 AND
2 1 315 315 1083 AND
2 1 316 316 1084 AND
2 1 317 317 1085 AND
2 1 318 318 1086 AND
2 1 319 319 1087 AND
2 1 320 320 1088 AND
2 1 321 321 1089 AND
2 1 322 322 1090 AND
2 1 323 323 1091 AND
2 1 324 324 1092 AND
2 1 325 325 1093 AND
2 1 326 326 1094 AND
2 1 327 327 1095 AND
2 1 328 328 1096 AND
2 1 329 329 1097 AND
2 1 330 330 1098 AND
2 1 331 331 1099 AND
2 1 332 332 1100 AND
2 1 333 333 1101 AND
2 1 334 334 1102 AND
2 1 335 335 1103 AND
2 1 336 336 1104 AND
2 1 337 337 1105 AND
2 1 338 338 1106 AND
2 1 339 339 1107 AND
2 1 340 340 1108 AND
2 1 341 341 1109 AND
2 1 342 342 1110 AND
2 1 343 343 1111 AND
2 1 344 344 1112 AND
2 1 345 345 1113 AND
2 1 346 346 1114 AND
2 1 347 347 1115 AND
2 1 348 348 1116 AND
2 1 349 349 1117 AND
2 1 350 350 1118 AND
2 1 351 351 1119 AND
2 1 352 352 1120 AND
2 1 353 353 1121 AND
2 1 354 354 1122 AND
2 1 355 355 1123 AND
2 1 356 356 1124 AND
2 1 357 357 1125 AND
2 1 358 358 1126 AND
2 1 359 359 1127 AND
2 1 360 360 1128 AND
2 1 361 361 1129 AND
2 1 362 362 1130 AND
2 1 363 363 1131 AND
2 1 364 364 1132 AND
2 1 365 365 1133 AND
2 1 366 366 1134 AND
2 1 367 367 1135 AND
2 1 368 368 1136 AND
2 1 369 369 1137 AND
2 1 370 370 1138 AND
2 1 371 371 1139 AND
2 1 372 372 1140 AND
2 1 373 373 1141 AND
2 1 374 374 1142 AND
2 1 375 375 1143 AND
2 1 376 376 1144 AND
2 1 377 377 1145 AND
2 1 378 378 1146 AND
2 1 379 379 1147 AND
2 1 380 380 1148 AND
2 1 381 381 1149 AND
2 1 382 382 1150 AND
2 1 383 383 1151 AND
2 1 384 384 1152 AND
2 1 385 385 1153 AND
2 1 386 386 1154 AND
2 1 387 387 1155 AND
2 1 388 388 1156 AND
2 1 389 389 1157 AND
2 1 390 390 1158 AND
2 1 391 391 1159 AND
2 1 392 392 1160 AND
2 1 393 393 1161 AND
2 1 394 394 1162 AND
2 1 395 395 1163 AND
2 1 396 396 1164 AND
2 1 397 397 1165 AND
2 1 398 398 1166 AND
2 1 399 399 1167 AND
2 1 400 400 1168 AND
2 1 401 401 1169 AND
2 1 402 402 1170 AND
2 1 403 403 1171 AND
2 1 404 404 1172 AND
2 1 405 405 1173 AND
2 1 406 406 1174 AND
2 1 407 407 1175 AND
2 1 408 408 1176 AND
2 1 409 409 1177 AND
2 1 410 410 1178 AND
2 1 411 411 1179 AND
2 1 412 412 1180 AND
2 1 413 413 1181 AND
2 1 414 414 1182 AND
2 1 415 415 1183 AND
2 1 416 416 1184 AND
2 1 417 417 1185 AND
2 1 418 418 1186 AND
2 1 419 419 1187 AND
2 1 420 420 1188 AND
2 1 421 421 1189 AND
2 1 422 422 1190 AND
2 1 423 423 1191 AND
2 1 424 424 1192 AND
2 1 425 425 1193 AND
2 1 426 426 1194 AND
2 1 427 427 1195 AND
2 1 428 428 1196 AND
2 1 429 429 1197 AND
2 1 430 430 1198 AND
2 1 431 431 1199 AND
2 1 432 432 1200 AND
2 1 433 433 1201 AND
2 1 434 434 1202 AND
2 1 435 435 1203 AND
2 1 436 436 1204 AND
2 1 437 437 1205 AND
2 1 438 438 1206 AND
2 1 439 439 1207 AND
2 1 440 440 1208 AND
2 1 441 441 1209 AND
2 1 442 442 1210 AND
2 1 443 443 1211 AND
2 1 444 444 1212 AND
2 1 445 445 1213 AND
2 1 446 446 1214 AND
2 1 447 447 1215 AND
2 1 448 448 1216 AND
2 1 449 449 1217 AND
2 1 450 450 1218 AND
2 1 451 451 1219 AND
2 1 452 452 1220 AND
2 1 453 453 1221 AND
2 1 454 454 1222 AND
2 1 455 455 1223 AND
2 1 456 456 1224 AND
2 1 457 457 1225 AND
2 1 458 458 1226 AND
2 1 459 459 1227 AND
2 1 460 460 1228 AND
2 1 461 461 1229 AND
2 1 462 462 1230 AND
2 1 463 463 1231 AND
2 1 464 464 1232 AND
2 1 465 465 1233 AND
2 1 466 466 1234 AND
2 1 467 467 1235 AND
2 1 468 468 1236 AND
2 1 469 469 1237 AND
2 1 470 470 1238 AND
2 1 471 471 1239 AND
2 1 472 472 1240 AND
2 1 473 473 1241 AND
2 1 474 474 1242 AND
2 1 475 475 1243 AND
2 1 476 476 1244 AND
2 1 477 477 1245 AND
2 1 478 478 1246 AND
2 1 479 479 1247 AND
2 1 480 480 1248 AND
2 1 481 481 1249 AND
2 1 482 482 1250 AND
2 1 483 483 1251 AND
2 1 484 484 1252 AND
2 1 485 485 1253 AND
2 1 486 486 1254 AND
2 1 487 487 1255 AND
2 1 488 488 1256 AND
2 1 489 489 1257 AND
2 1 490 490 1258 AND
2 1 491 491 1259 AND
2 1 492 492 1260 AND
2 1 493 493 1261 AND
2 1 494 494 1262 AND
2 1 495 495 1263 AND
2 1 496 496 1264 AND
2 1 497 497 1265 AND
2 1 498 498 1266 AND
2 1 499 499 1267 AND
2 1 500 500 1268 AND
2 1 501 501 1269 AND
2 1 502 502 1270 AND
2 1 503 503 1271 AND
2 1 504 504 1272 AND
2 1 505 505 1273 AND
2 1 506 506 1274 AND
2 1 507 507 1275 AND
2 1 508 508 1276 AND
2 1 509 509 1277 AND
2 1 510 510 1278 AND
2 1 511 511 1279 AND
2 1 512 512 1280 AND
2 1 513 513 1281 AND
2 1 514 514 1282 AND
2 1 515 515 1283 AND
2 1 516 516 1284 AND
2 1 517 517 1285 AND
2 1 518 518 1286 AND
2 1 519 519 1287 AND
2 1 520 520 1288 AND
2 1 521 521 1289 AND
2 1 522 522 1290 AND
2 1 523 523 1291 AND
2 1 524 524 1292 AND
2 1 525 525 1293 AND
2 1 526 526 1294 AND
2 1 527 527 1295 AND
2 1 528 528 1296 AND
2 1 529 529 1297 AND
2 1 530 530 1298 AND
2 1 531 531 1299 AND
2 1 532 532 1300 AND
2 1 533 533 1301 AND
2 1 534 534 1302 AND
2 1 535 535 1303 AND
2 1 536 536 1304 AND
2 1 537 537 1305 AND
2 1 538 538 1306 AND
2 1 539 539 1307 AND
2 1 540 540 1308 AND
2 1 541 541 1309 AND
2 1 542 542 1310 AND
2 1 543 543 1311 AND
2 1 544 544 1312 AND
2 1 545 545 1313 AND
2 1 546 546 1314 AND
2 1 547 547 1315 AND
2 1 548 548 1316 AND
2 1 549 549 1317 AND
2 1 550 550 1318 AND
2 1 551 551 1319 AND
2 1 552 552 1320 AND
2 1 553 553 1321 AND
2 1 554 554 1322 AND
2 1 555 555 1323 AND
2 1 556 556 1324 AND
2 1 557 557 1325 AND
2 1 558 558 1326 AND
2 1 559 559 1327 AND
2 1 560 560 1328 AND
2 1 561 561 1329 AND
2 1 562 562 1330 AND
2 1 563 563 1331 AND
2 1 564 564 1332 AND
2 1 565 565 1333 AND
2 1 566 566 1334 AND
2 1 567 567 1335 AND
2 1 568 568 1336 AND
2 1 569 569 1337 AND
2 1 570 570 1338 AND
2 1 571 571 1339 AND
2 1 572 572 1340 AND
2 1 573 573 1341 AND
2 1 574 574 1342 AND
2 1 575 575 1343 AND
2 1 576 576 1344 AND
2 1 577 577 1345 AND
2 1 578 578 1346 AND
2 1 579 579 1347 AND
2 1 580 580 1348 AND
2 1 581 581 1349 AND
2 1 582 582 1350 AND
2 1 583 583 1351 AND
2 1 584 584 1352 AND
2 1 585 585 1353 AND
2 1 586 586 1354 AND
2 1 587 587 1355 AND
2 1 588 588 1356 AND
2 1 589 589 1357 AND
2 1 590 590 1358 AND
2 1 591 591 1359 AND
2 1 592 592 1360 AND
2 1 593 593 1361 AND
2 1 594 594 1362 AND
2 1 595 595 1363 AND
2 1 596 596 1364 AND
2 1 597 597 1365 AND
2 1 598 598 1366 AND
2 1 599 599 1367 AND
2 1 600 600 1368 AND
2 1 601 601 1369 AND
2 1 602 602 1370 AND
2 1 603 603 1371 AND
2 1 604 604 1372 AND
2 1 605 605 1373 AND
2 1 606 606 1374 AND
2 1 607 607 1375 AND
2 1 608 608 1376 AND
2 1 609 609 1377 AND
2 1 610 610 1378 AND
2 1 611 611 1379 AND
2 1 612 612 1380 AND
2 1 613 613 1381 AND
2 1 614 614 1382 AND
2 1 615 615 1383 AND
2 1 616 616 1384 AND
2 1 617 617 1385 AND
2 1 618 618 1386 AND
2 1 619 619 1387 AND
2 1 620 620 1388 AND
2 1 621 621 1389 AND
2 1 622 622 1390 AND
2 1 623 623 1391 AND
2 1 624 624 1392 AND
2 1 625 625 1393 AND
2 1 626 626 1394 AND
2 1 627 627 1395 AND
2 1 628 628 1396 AND
2 1 629 629 1397 AND
2 1 630 630 1398 AND
2 1 631 631 1399 AND
2 1 632 632 1400 AND
2 1 633 633 1401 AND
2 1 634 634 1402 AND
2 1 635 635 1403 AND
2 1 636 636 1404 AND
2 1 637 637 1405 AND
2 1 638 638 1406 AND
2 1 639 639 1407 AND
2 1 640 640 1408 AND
2 1 641 641 1409 AND
2 1 642 642 1410 AND
2 1 643 643 1411 AND
2 1 644 644 1412 AND
2 1 645 645 1413 AND
2 1 646 646 1414 AND
2 1 647 647 1415 AND
2 1 648 648 1416 AND
2 1 649 649 1417 AND
2 1 650 650 1418 AND
2 1 651 651 1419 AND
2 1 652 652 1420 AND
2 1 653 653 1421 AND
2 1 654 654 1422 AND
2 1 655 655 1423 AND
2 1 656 656 1424 AND
2 1 657 657 1425 AND
2 1 658 658 1426 AND
2 1 659 659 1427 AND
2 1 660 660 1428 AND
2 1 661 661 1429 AND
2 1 662 662 1430 AND
2 1 663 663 1431 AND
2 1 664 664 1432 AND
2 1 665 665 1433 AND
2 1 666 666 1434 AND
2 1 667 667 1435 AND
2 1 668 668 1436 AND
2 1 669 669 1437 AND
2 1 670 670 1438 AND
2 1 671 671 1439 AND
2 1 672 672 1440 AND
2 1 673 673 1441 AND
2 1 674 674 1442 AND
2 1 675 675 1443 AND
2 1 676 676 1444 AND
2 1 677 677 1445 AND
2 1 678 678 1446 AND
2 1 679 679 1447 AND
2 1 680 680 1448 AND
2 1 681 681 1449 AND
2 1 682 682 1450 AND
2 1 683 683 1451 AND
2 1 684 684 1452 AND
2 1 685 685 1453 AND
2 1 686 686 1454 AND
2 1 687 687 1455 AND
2 1 688 688 1456 AND
2 1 689 689 1457 AND
2 1 690 690 1458 AND
2 1 691 691 1459 AND
2 1 692 692 1460 AND
2 1 693 693 1461 AND
2 1 694 694 1462 AND
2 1 695 695 1463 AND
2 1 696 696 1464 AND
2 1 697 697 1465 AND
2 1 698 698 1466 AND
2 1 699 699 1467 AND
2 1 700 700 1468 AND
2 1 701 701 1469 AND
2 1 702 702 1470 AND
2 1 703 703 1471 AND
2 1 704 704 1472 AND
2 1 705 705 1473 AND
2 1 706 706 1474 AND
2 1 707 707 1475 AND
2 1 708 708 1476 AND
2 1 709 709 1477 AND
2 1 710 710 1478 AND
2 1 711 711 1479 AND
2 1 712 712 1480 AND
2 1 713 713 1481 AND
2 1 714 714 1482 AND
2 1 715 715 1483 AND
2 1 716 716 1484 AND
2 1 717 717 1485 AND
2 1 718 718 1486 AND
2 1 719 719 1487 AND
2 1 720 720 1488 AND
2 1 721 721 1489 AND
2 1 722 722 1490 AND
2 1 723 723 1491 AND
2 1 724 724 1492 AND
2 1 725 725 1493 AND
2 1 726 726 1494 AND
2 1 727 727 1495 AND
2 1 728 728 1496 AND
2 1 729 729 1497 AND
2 1 730 730 1498 AND
2 1 731 731 1499 AND
2 1 732 732 1500 AND
2 1 733 733 1501 AND
2 1 734 734 1502 AND
2 1 735 735 1503 AND
2 1 736 736 1504 AND
2 1 737 737 1505 AND
2 1 738 738 1506 AND
2 1 739 739 1507 AND
2 1 740 740 1508 AND
2 1 741 741 1509 AND
2 1 742 742 1510 AND
2 1 743 743 1511 AND
2 1 744 744 1512 AND
2 1 745 745 1513 AND
2 1 746 746 1514 AND
2 1 747 747 1515 AND
2 1 748 748 1516 AND
2 1 749 749 1517 AND
2 1 750 750 1518 AND
2 1 751 751 1519 AND
2 1 752 752 1520 AND
2 1 753 753 1521 AND
2 1 754 754 1522 AND
2 1 755 755 1523 AND
2 1 756 756 1524 AND
2 1 757 757 1525 AND
2 1 758 758 1526 AND
2 1 759 759 1527 AND
2 1 760 760 1528 AND
2 1 761 761 1529 AND
2 1 762 762 1530 AND
2 1 763 763 1531 AND
2 1 764 764 1532 AND
2 1 765 765 1533 AND
2 1 766 766 1534 AND
2 1 767 767 1535 AND
